m = 0.23;
M = 2.4;
g = 9.81;
d = -0.005;
b = 0.05;
I = 0.099;
l = 0.4;


